4.1,3.224
4.2,3.165
4.3,2.917
4.4,2.873
4.5,2.719
4.6,2.746
4.7,2.639
5.2,2.3
5.3,2.22


January,1,949,481.00
February,1,704,038.00
March,2,089,030.00
April,1,481,899.00
May,1,849,322.00
June,2,046,356.00
July,2,059,784.00
August,2,046,790.00
September,1,963,744.00
October,1,805,756.00
November,1,644,096.00
December,1,678,841.00
January ,1,621,291.00
February ,1,496,247.00
March ,1,589,781.00
April ,1,544,641.00
May ,1,549,299.00
June ,1,465,613.00
July ,1,479,589.00
August ,1,563,285.00
September ,1,516,707.00
October ,1,425,111.00
November ,1,288,217.00
December ,1,262,755.00
January,1,226,811.00
February,1,070,128.00

March,1,199,090.00
April,1,093,932.00
May,1,121,622.00
June,972,682.00
July,967,207.00
August,949,750.00
September,875,267.00
October,862,105.00
November,815,764.00
December,823,706.00
